tensor([[[[-0.0091,  0.0059],
          [ 0.0231, -0.0225],
          [ 0.0148, -0.0080],
          [ 0.0031, -0.0081],
          [ 0.0231, -0.0059],
          [-0.0012, -0.0153]],
         [[ 0.0015, -0.0058],
          [ 0.0031,  0.0029],
          [ 0.0092, -0.0171],
          [-0.0184, -0.0124],
          [ 0.0035, -0.0062],
          [-0.0336, -0.0358]],
#64
tensor([[[[ 1.1809e-02, -1.9648e-02],
          [ 1.2298e-02,  3.3226e-02],
          [ 3.1819e-02, -2.1273e-02],
          [-1.7174e-03, -3.7435e-03],
          [-6.1495e-03, -2.9242e-02],
          [ 1.8963e-02, -1.8880e-02]],
         [[ 2.8098e-02, -9.9944e-03],
          [-1.0854e-03,  4.0879e-03],
          [ 7.4245e-04,  2.3858e-02],
          [-3.2695e-02, -3.4009e-02],
          [ 8.8905e-03,  4.4673e-02],
          [-3.0986e-03, -2.2956e-02]],